WatchHealth=0.000000
gInJail=0
ip=255.255.255.255
X=0.000000
Y=0.000000
Z=0.000000
