password_hash=32637128
money=7754179
gInJail=0
ip=112.156.177.22
X=0.000000
Y=0.000000
Z=0.000000
Health=100.000000
