password_hash=33620174
money=858284127
WatchHealth=100.000000
exp=10
quest=1
gInJail=0
ip=58.151.72.202
X=0.000000
Y=0.000000
Z=0.000000
Health=100.000000
