password_hash=3276850
money=13674329
CAR=1
gInJail=0
ip=61.109.79.114
X=0.000000
Y=0.000000
Z=0.000000
Health=0.000000
WatchHealth=0.000000
exp=10
quest=1
bill=900
