password_hash=32243910
money=2911944
gInJail=0
ip=183.100.27.82
X=0.000000
Y=0.000000
Z=0.000000
Health=100.000000
CAR=1004
