password_hash=32506056
money=1000000
WatchHealth=95.000000
gInJail=0
ip=210.106.32.38
X=0.000000
Y=0.000000
Z=0.000000
CAR=1024
