password_hash=42729795
money=476389
WatchHealth=100.000000
gInJail=0
ip=180.231.112.48
X=0.000000
Y=0.000000
Z=0.000000
Health=100.000000
CAR=12
