password_hash=33030347
money=999999899
exp=101
quest=4
gInJail=0
ip=222.107.214.47
X=0.000000
Y=0.000000
Z=0.000000
Health=100.000000
bohum=1
bill=0
jusic=0
jusic2=0
jusic3=0
jusic4=0
jusic5=0
jusic6=0
jusic7=0
jusic8=0
WatchHealth=100.000000
CAR=123
