password_hash=375718844
money=2000000
gInJail=0
ip=211.194.131.50
X=0.000000
Y=0.000000
Z=0.000000
Health=176.000000
