password_hash=9830500
money=2000000
gInJail=0
ip=119.201.230.125
X=0.000000
Y=0.000000
Z=0.000000
Health=100.000000
CAR=1241
