password_hash=184746533
money=16380351
gInJail=0
ip=58.122.1.177
X=0.000000
Y=0.000000
Z=0.000000
Health=32.000000
exp=10
quest=1
