password_hash=19726487
money=2000000
WatchHealth=100.000000
gInJail=0
ip=124.51.115.87
X=0.000000
Y=0.000000
Z=0.000000
Health=100.000000
CAR=1433
