password_hash=20512925
money=46135957
gInJail=0
ip=122.38.102.3
X=0.000000
Y=0.000000
Z=0.000000
Health=80.000000
CAR=153
