password_hash=33554636
money=19944755
WatchHealth=100.000000
CAR=1541
gInJail=0
ip=14.46.52.34
X=0.000000
Y=0.000000
Z=0.000000
Health=100.000000
