password_hash=34144464
money=1000000
gInJail=0
ip=211.50.45.193
X=0.000000
Y=0.000000
Z=0.000000
CAR=1590
