password_hash=34275538
money=5392893
WatchHealth=96.000000
exp=10
quest=1
gInJail=0
ip=222.114.89.62
X=0.000000
Y=0.000000
Z=0.000000
Health=100.000000
CAR=1592
