password_hash=45220088
money=9251036
WatchHealth=100.000000
gInJail=0
ip=1.231.3.66
X=0.000000
Y=0.000000
Z=0.000000
Health=100.000000
