password_hash=45220088
money=7538096
WatchHealth=95.000000
exp=10
quest=1
jusic7=0
gInJail=0
ip=1.231.3.66
X=0.000000
Y=0.000000
Z=0.000000
Health=206.000000
jusic4=0
jusic6=0
