password_hash=33358029
money=57245624
WatchHealth=100.000000
exp=101
quest=4
jusic=50
gInJail=0
ip=255.255.255.255
X=0.000000
Y=0.000000
Z=0.000000
Health=100.000000
jusic2=50
jusic3=50
jusic4=50
jusic5=50
jusic6=50
jusic7=50
jusic8=50
