password_hash=19988631
money=1000000
gInJail=0
ip=211.229.82.122
X=0.000000
Y=0.000000
Z=0.000000
Health=100.000000
CAR=321
