password_hash=19726487
money=7600449
gInJail=0
ip=58.124.187.93
X=0.000000
Y=0.000000
Z=0.000000
