password_hash=3473461
money=1500538
gInJail=0
ip=211.215.166.74
X=0.000000
Y=0.000000
Z=0.000000
CAR=4
