password_hash=74252616
money=3042284
exp=10
quest=1
gInJail=0
ip=221.142.207.188
X=0.000000
Y=0.000000
Z=0.000000
CAR=45
