password_hash=34996437
money=2501199
gInJail=0
ip=121.177.243.104
X=0.000000
Y=0.000000
Z=0.000000
Health=100.000000
