password_hash=51118335
money=110996910
exp=40
quest=2
jusic8=100
gInJail=0
ip=211.110.103.134
X=0.000000
Y=0.000000
Z=0.000000
