password_hash=32768204
money=499700
gInJail=0
ip=211.215.101.139
X=0.000000
Y=0.000000
Z=0.000000
