password_hash=97911154
money=2000000
gInJail=0
ip=183.104.249.205
X=0.000000
Y=0.000000
Z=0.000000
Health=100.000000
