password_hash=65601871
money=2310026
exp=40
quest=2
gInJail=0
ip=116.37.80.137
X=0.000000
Y=0.000000
Z=0.000000
Health=85.000000
