password_hash=90702216
money=138668487
WatchHealth=100.000000
gInJail=0
ip=114.204.19.144
X=0.000000
Y=0.000000
Z=0.000000
Health=246.000000
exp=-70
bohum=1
quest=1
