password_hash=243204862
money=13537962
WatchHealth=198.000000
gInJail=0
ip=116.46.244.14
X=0.000000
Y=0.000000
Z=0.000000
Health=198.000000
exp=-40
quest=2
