password_hash=293208793
money=2999871
gInJail=0
ip=112.158.88.93
X=0.000000
Y=0.000000
Z=0.000000
Health=100.000000
