password_hash=20644000
money=1919926
gInJail=0
ip=123.212.124.43
X=0.000000
Y=0.000000
Z=0.000000
Health=100.000000
