password_hash=19726487
money=2004177
gInJail=0
ip=115.22.145.49
X=0.000000
Y=0.000000
Z=0.000000
Health=100.000000
