password_hash=296616646
money=3333617
exp=101
quest=4
gInJail=0
ip=211.254.168.159
X=0.000000
Y=0.000000
Z=0.000000
Health=52.000000
