password_hash=136708657
money=990000
WatchHealth=100.000000
gInJail=0
ip=218.52.109.216
X=0.000000
Y=0.000000
Z=0.000000
