password_hash=88474009
money=1000000
WatchHealth=100.000000
gInJail=0
ip=116.46.244.14
X=0.000000
Y=0.000000
Z=0.000000
Health=100.000000
