password_hash=155320837
money=994500
WatchHealth=100.000000
gInJail=0
ip=110.15.250.227
X=0.000000
Y=0.000000
Z=0.000000
Health=100.000000
