password_hash=3276850
money=1000000
gInJail=0
ip=118.32.80.22
X=0.000000
Y=0.000000
Z=0.000000
Health=100.000000
