password_hash=116195771
money=6820628
exp=10
quest=1
jusic2=10
gInJail=0
ip=120.142.208.154
X=0.000000
Y=0.000000
Z=0.000000
Health=100.000000
