password_hash=122749449
money=3783111
exp=181
quest=5
gInJail=0
ip=222.106.234.204
X=0.000000
Y=0.000000
Z=0.000000
