password_hash=960169612
money=-994898499
exp=10
quest=1
gInJail=0
ip=121.178.163.84
X=0.000000
Y=0.000000
Z=0.000000
