password_hash=299631407
money=1408401
exp=-70
quest=1
gInJail=0
ip=180.229.45.253
X=0.000000
Y=0.000000
Z=0.000000
Health=95.000000
