password_hash=33030347
money=425045035
jusic=50
bill=0
jusic5=50
jusic3=50
jusic2=50
gInJail=0
ip=183.105.146.33
X=0.000000
Y=0.000000
Z=0.000000
Health=100.000000
bohum=0
exp=0
quest=0
jusic4=50
jusic6=50
jusic7=50
jusic8=50
WatchHealth=100.000000
