password_hash=32374981
money=1505939
gInJail=0
ip=115.92.240.151
X=0.000000
Y=0.000000
Z=0.000000
Health=21.000000
