password_hash=177341003
money=2999260
exp=101
quest=4
gInJail=0
ip=59.13.185.208
X=0.000000
Y=0.000000
Z=0.000000
Health=100.000000
