password_hash=32440518
money=999900
gInJail=0
ip=121.127.108.110
X=0.000000
Y=0.000000
Z=0.000000
Health=100.000000
