password_hash=19792023
money=984500
WatchHealth=65.000000
gInJail=0
ip=114.207.195.126
X=0.000000
Y=0.000000
Z=0.000000
