password_hash=121962959
money=4066871
gInJail=0
ip=183.109.189.150
X=0.000000
Y=0.000000
Z=0.000000
Health=100.000000
exp=10
quest=1
