password_hash=122028498
money=2512088
WatchHealth=100.000000
exp=-80
gInJail=0
ip=175.211.228.251
X=0.000000
Y=0.000000
Z=0.000000
Health=100.000000
