password_hash=64618858
money=1000000
gInJail=0
ip=210.216.52.27
X=0.000000
Y=0.000000
Z=0.000000
Health=100.000000
