password_hash=143131249
money=1865000
WatchHealth=100.000000
gInJail=0
ip=218.156.28.230
X=0.000000
Y=0.000000
Z=0.000000
