password_hash=68092319
money=68803968
exp=101
quest=4
gInJail=0
ip=211.214.66.223
X=0.000000
Y=0.000000
Z=0.000000
Health=100.000000
