password_hash=39518509
money=1919500
WatchHealth=43.000000
gInJail=0
ip=210.206.210.29
X=0.000000
Y=0.000000
Z=0.000000
Health=0.000000
bohum=0
bill=0
exp=0
quest=0
jusic=0
jusic2=0
jusic3=0
jusic4=0
jusic5=0
jusic6=0
jusic7=0
jusic8=0
