password_hash=97911231
money=1990000
WatchHealth=100.000000
gInJail=0
ip=58.143.136.226
X=0.000000
Y=0.000000
Z=0.000000
Health=100.000000
