password_hash=104530320
money=2901345
gInJail=0
ip=175.199.148.198
X=0.000000
Y=0.000000
Z=0.000000
Health=100.000000
