password_hash=34537683
money=14876568
WatchHealth=95.000000
gInJail=0
ip=1.224.205.67
X=0.000000
Y=0.000000
Z=0.000000
Health=95.000000
