password_hash=19726487
money=1086500
exp=10
quest=1
gInJail=0
ip=114.205.26.152
X=0.000000
Y=0.000000
Z=0.000000
