password_hash=306512812
money=1000000
gInJail=0
ip=211.172.69.219
X=0.000000
Y=0.000000
Z=0.000000
Health=100.000000
