password_hash=34078931
money=1000000
gInJail=0
ip=59.4.140.118
X=0.000000
Y=0.000000
Z=0.000000
Health=100.000000
