password_hash=34734290
money=1429609
exp=181
quest=5
gInJail=0
ip=211.195.50.216
X=0.000000
Y=0.000000
Z=0.000000
Health=100.000000
