password_hash=9764963
money=-16512
WatchHealth=176.000000
gInJail=0
ip=112.155.84.91
X=0.000000
Y=0.000000
Z=0.000000
Health=176.000000
