password_hash=35717341
money=128894337
WatchHealth=100.000000
gInJail=0
ip=115.139.245.189
X=0.000000
Y=0.000000
Z=0.000000
Health=100.000000
bohum=0
bill=0
exp=-5020
quest=5
jusic=0
jusic2=0
jusic3=0
jusic4=0
jusic5=0
jusic6=0
jusic7=0
jusic8=0
