password_hash=160039390
money=813722001
jusic7=2
jusic8=100
gInJail=0
ip=121.88.196.211
X=0.000000
Y=0.000000
Z=0.000000
Health=62.000000
bohum=0
bill=0
exp=0
quest=0
jusic=0
jusic2=0
jusic3=0
jusic4=0
jusic5=0
jusic6=0
