password_hash=33751248
money=1000000
gInJail=0
ip=119.205.188.115
X=0.000000
Y=0.000000
Z=0.000000
Health=100.000000
