password_hash=70123830
money=1000000
gInJail=0
ip=211.108.245.7
X=0.000000
Y=0.000000
Z=0.000000
Health=0.000000
WatchHealth=0.000000
