password_hash=189465230
money=333914944
WatchHealth=100.000000
bohum=1
bill=900
myjob=2
gInJail=0
ip=70.187.162.70
X=0.000000
Y=0.000000
Z=0.000000
Health=100.000000
jusic8=100
exp=101
quest=5
jusic=0
jusic2=0
jusic3=0
jusic4=0
jusic5=50
jusic6=50
jusic7=0
