password_hash=149226126
money=4098792
exp=10
quest=1
gInJail=0
ip=115.140.41.158
X=0.000000
Y=0.000000
Z=0.000000
Health=100.000000
