password_hash=70123830
money=1023886
WatchHealth=100.000000
bill=900
jusic5=4
gInJail=0
ip=1.229.97.22
X=0.000000
Y=0.000000
Z=0.000000
Health=100.000000
