password_hash=311231413
money=12111603
WatchHealth=100.000000
exp=181
quest=5
jusic8=5
gInJail=0
ip=122.252.79.57
X=0.000000
Y=0.000000
Z=0.000000
Health=72.000000
