password_hash=539493629
money=38305000
gInJail=0
ip=111.65.165.243
X=0.000000
Y=0.000000
Z=0.000000
Health=100.000000
bohum=0
bill=0
exp=0
quest=0
jusic=0
jusic2=0
jusic3=0
jusic4=50
jusic5=0
jusic6=50
jusic7=0
jusic8=100
color=8
