password_hash=68944173
money=1000000
gInJail=0
ip=118.130.67.27
X=0.000000
Y=0.000000
Z=0.000000
