password_hash=20906144
money=8109370
WatchHealth=88.000000
exp=-80
gInJail=0
ip=121.151.219.121
X=0.000000
Y=0.000000
Z=0.000000
Health=88.000000
