password_hash=133169644
money=1000000
gInJail=0
ip=112.168.76.63
X=0.000000
Y=0.000000
Z=0.000000
Health=100.000000
