password_hash=315753363
money=3000000
gInJail=0
ip=110.10.253.44
X=0.000000
Y=0.000000
Z=0.000000
Health=65.000000
