password_hash=215548537
money=1945351
exp=10
quest=1
gInJail=0
ip=220.93.79.172
X=0.000000
Y=0.000000
Z=0.000000
Health=100.000000
