password_hash=19660948
money=162792233
exp=10
quest=1
gInJail=0
ip=121.136.133.159
X=0.000000
Y=0.000000
Z=0.000000
