password_hash=147915409
money=5004924
gInJail=0
ip=118.32.241.179
X=0.000000
Y=0.000000
Z=0.000000
Health=172.000000
