password_hash=82313650
money=990000
WatchHealth=100.000000
gInJail=0
ip=112.147.85.57
X=0.000000
Y=0.000000
Z=0.000000
Health=100.000000
