password_hash=35324122
money=2999900
gInJail=0
ip=211.59.245.155
X=0.000000
Y=0.000000
Z=0.000000
Health=68.000000
