password_hash=143000189
money=5006860
exp=10
quest=1
gInJail=0
ip=121.172.49.190
X=0.000000
Y=0.000000
Z=0.000000
Health=175.000000
