password_hash=126288350
money=6681214
gInJail=0
ip=112.144.129.70
X=0.000000
Y=0.000000
Z=0.000000
