password_hash=149160400
money=999800463
jusic8=100
gInJail=0
ip=218.54.114.33
X=0.000000
Y=0.000000
Z=0.000000
Health=100.000000
WatchHealth=100.000000
