password_hash=40304947
money=3504928
gInJail=0
ip=59.24.89.210
X=0.000000
Y=0.000000
Z=0.000000
Health=2.000000
