password_hash=238486243
money=900000
WatchHealth=100.000000
gInJail=0
ip=112.146.70.72
X=0.000000
Y=0.000000
Z=0.000000
Health=100.000000
