password_hash=186188416
money=4670752
WatchHealth=100.000000
jusic2=0
exp=-40
quest=2
gInJail=0
ip=183.105.160.44
X=0.000000
Y=0.000000
Z=0.000000
Health=100.000000
