password_hash=287376649
money=8017600
WatchHealth=100.000000
jusic7=0
gInJail=0
ip=255.255.255.255
X=0.000000
Y=0.000000
Z=0.000000
jusic6=0
exp=101
quest=4
Health=100.000000
bohum=0
bill=0
jusic=0
jusic2=0
jusic3=0
jusic4=0
jusic5=0
jusic8=0
