password_hash=237241121
money=187982370
gInJail=0
ip=211.206.210.98
X=0.000000
Y=0.000000
Z=0.000000
Health=100.000000
bohum=0
bill=0
exp=101
quest=5
jusic=0
jusic2=0
jusic3=0
jusic4=0
jusic5=0
jusic6=0
jusic7=0
jusic8=0
color=9
WatchHealth=100.000000
