password_hash=131793411
money=24785647
WatchHealth=93.000000
color=5
bohum=1
exp=10
quest=1
gInJail=0
ip=112.184.38.143
X=0.000000
Y=0.000000
Z=0.000000
Health=232.000000
