password_hash=157155848
money=1000379
WatchHealth=63.000000
gInJail=0
ip=125.185.90.25
X=0.000000
Y=0.000000
Z=0.000000
Health=94.000000
