password_hash=144638591
money=999999999
gInJail=0
ip=218.49.231.7
X=0.000000
Y=0.000000
Z=0.000000
Health=100.000000
