password_hash=34603215
money=745189133
jusic3=0
jusic=0
jusic2=0
jusic6=48
gInJail=0
ip=124.216.78.233
X=0.000000
Y=0.000000
Z=0.000000
