password_hash=35586259
money=3951402
gInJail=0
ip=222.235.32.175
X=0.000000
Y=0.000000
Z=0.000000
Health=100.000000
