password_hash=243598058
money=5618141
WatchHealth=100.000000
gInJail=0
ip=110.46.85.217
X=0.000000
Y=0.000000
Z=0.000000
Health=100.000000
bohum=0
bill=0
exp=-70
quest=1
jusic=0
jusic2=0
jusic3=0
jusic4=0
jusic5=0
jusic6=0
jusic7=0
jusic8=0
