password_hash=163578387
money=739419
exp=-10
quest=3
gInJail=0
ip=222.237.39.110
X=0.000000
Y=0.000000
Z=0.000000
Health=41.000000
bohum=0
bill=0
jusic=0
jusic2=0
jusic3=0
jusic4=0
jusic5=0
jusic6=0
jusic7=0
jusic8=0
