password_hash=127336945
money=4336113
exp=10
quest=1
gInJail=0
ip=125.185.1.143
X=0.000000
Y=0.000000
Z=0.000000
Health=100.000000
WatchHealth=59.000000
