password_hash=33554636
money=2001701
gInJail=0
ip=116.120.101.91
X=0.000000
Y=0.000000
Z=0.000000
Health=80.000000
