password_hash=33030346
money=4921385
gInJail=0
ip=125.177.54.192
X=0.000000
Y=0.000000
Z=0.000000
