password_hash=33489104
money=-295000
WatchHealth=95.000000
gInJail=0
ip=183.101.25.83
X=0.000000
Y=0.000000
Z=0.000000
Health=95.000000
