password_hash=33030348
money=1000000
gInJail=0
ip=211.43.96.201
X=0.000000
Y=0.000000
Z=0.000000
Health=0.000000
