password_hash=33161418
money=6820940
gInJail=0
ip=221.142.179.51
X=0.000000
Y=0.000000
Z=0.000000
Health=226.000000
