password_hash=122683813
money=960000
WatchHealth=100.000000
gInJail=0
ip=61.101.132.229
X=0.000000
Y=0.000000
Z=0.000000
Health=100.000000
