password_hash=474612900
money=6001121
gInJail=0
ip=61.253.14.5
X=0.000000
Y=0.000000
Z=0.000000
Health=87.000000
WatchHealth=87.000000
bohum=0
bill=0
exp=0
quest=0
jusic=0
jusic2=0
jusic3=0
jusic4=0
jusic5=0
jusic6=0
jusic7=0
jusic8=0
