password_hash=187236998
money=7768824
WatchHealth=100.000000
gInJail=0
ip=118.46.14.36
X=0.000000
Y=0.000000
Z=0.000000
Health=100.000000
exp=10
quest=1
