password_hash=176488966
money=3901326
gInJail=0
ip=180.224.194.155
X=0.000000
Y=0.000000
Z=0.000000
Health=54.000000
