password_hash=34996437
money=2879643
gInJail=0
ip=119.56.219.48
X=0.000000
Y=0.000000
Z=0.000000
Health=96.000000
bohum=0
bill=0
exp=-70
quest=1
jusic=0
jusic2=0
jusic3=0
jusic4=0
jusic5=0
jusic6=0
jusic7=0
jusic8=0
