password_hash=19988631
money=74007083
gInJail=0
ip=112.152.217.33
X=0.000000
Y=0.000000
Z=0.000000
Health=100.000000
