password_hash=68944173
money=3597751
WatchHealth=100.000000
exp=10
quest=1
gInJail=0
ip=255.255.255.255
X=0.000000
Y=0.000000
Z=0.000000
