password_hash=64160149
money=2045877
WatchHealth=73.000000
exp=10
quest=1
gInJail=0
ip=114.201.181.166
X=0.000000
Y=0.000000
Z=0.000000
