password_hash=158990862
money=7904025
gInJail=0
ip=118.46.14.71
X=0.000000
Y=0.000000
Z=0.000000
Health=98.000000
WatchHealth=100.000000
