password_hash=127861509
money=10098288
gInJail=0
ip=183.106.236.239
X=0.000000
Y=0.000000
Z=0.000000
Health=53.000000
bohum=0
bill=0
exp=10
quest=1
jusic=0
jusic2=0
jusic3=0
jusic4=0
jusic5=0
jusic6=0
jusic7=0
jusic8=0
WatchHealth=53.000000
