password_hash=19726487
money=999970158
WatchHealth=100.000000
jusic8=100
exp=181
quest=5
jusic6=50
gInJail=0
ip=220.87.42.32
X=0.000000
Y=0.000000
Z=0.000000
Health=100.000000
bohum=0
bill=0
jusic=0
jusic2=0
jusic3=0
jusic4=0
jusic5=0
jusic7=0
