password_hash=58524028
money=920000
WatchHealth=100.000000
gInJail=0
ip=110.5.226.217
X=0.000000
Y=0.000000
Z=0.000000
Health=100.000000
