password_hash=44106066
money=2000112
gInJail=0
ip=1.231.0.162
X=0.000000
Y=0.000000
Z=0.000000
Health=86.000000
