password_hash=100729354
money=330179597
WatchHealth=100.000000
exp=-70
quest=1
bohum=1
gInJail=0
ip=121.178.162.174
X=0.000000
Y=0.000000
Z=0.000000
Health=100.000000
color=8
jusic4=0
myjob=0
jusic=0
jusic5=0
jusic7=0
jusic8=50
adminlevel=1
admin=3
bill=0
jusic2=0
jusic3=0
jusic6=0
