password_hash=2123172399
money=999999999
WatchHealth=100.000000
gInJail=0
ip=220.88.247.250
X=0.000000
Y=0.000000
Z=0.000000
Health=95.000000
bohum=0
bill=0
exp=21
quest=5
jusic=0
jusic2=0
jusic3=0
jusic4=0
jusic5=0
jusic6=0
jusic7=10
jusic8=100
color=6
