password_hash=97124759
money=972169746
jusic5=50
gInJail=0
ip=112.153.158.133
X=0.000000
Y=0.000000
Z=0.000000
Health=100.000000
