password_hash=9764963
money=1000000
gInJail=0
ip=182.210.120.103
X=0.000000
Y=0.000000
Z=0.000000
Health=100.000000
