password_hash=82968940
money=10464095
jusic6=0
exp=10
quest=1
gInJail=0
ip=121.147.95.78
X=0.000000
Y=0.000000
Z=0.000000
Health=75.000000
