password_hash=27132115
money=999999999
WatchHealth=40.000000
gInJail=0
ip=58.145.78.49
X=0.000000
Y=0.000000
Z=0.000000
Health=40.000000
