password_hash=136643169
money=27590474
WatchHealth=100.000000
gInJail=0
ip=255.255.255.255
X=0.000000
Y=0.000000
Z=0.000000
Health=100.000000
exp=181
quest=5
bohum=1
jusic5=0
jusic8=10
color=0
