password_hash=33030347
money=9902007
gInJail=0
ip=222.234.149.159
X=0.000000
Y=0.000000
Z=0.000000
Health=52.000000
bohum=0
bill=803
exp=0
quest=0
jusic=0
jusic2=0
jusic3=0
jusic4=0
jusic5=0
jusic6=0
jusic7=0
jusic8=0
