password_hash=42664261
money=4708428
exp=10
quest=1
gInJail=0
ip=112.148.171.126
X=0.000000
Y=0.000000
Z=0.000000
Health=100.000000
