password_hash=32833736
money=1873395
gInJail=0
ip=59.13.185.209
X=0.000000
Y=0.000000
Z=0.000000
Health=100.000000
exp=101
quest=4
