password_hash=43385163
money=12964204
gInJail=0
ip=125.185.171.156
X=0.000000
Y=0.000000
Z=0.000000
