password_hash=52429063
money=2163038
WatchHealth=100.000000
bohum=1
jusic5=1
gInJail=0
ip=124.216.80.152
X=0.000000
Y=0.000000
Z=0.000000
Health=100.000000
