password_hash=35061975
money=15995823
WatchHealth=100.000000
exp=-70
quest=1
gInJail=0
ip=121.161.47.26
X=0.000000
Y=0.000000
Z=0.000000
Health=100.000000
bohum=0
bill=0
jusic=0
jusic2=0
jusic3=0
jusic4=0
jusic5=0
jusic6=0
jusic7=0
jusic8=0
