password_hash=377160739
money=6664579
color=18
myjob=2
jusic8=30
WatchHealth=100.000000
gInJail=0
ip=192.168.1.109
X=0.000000
Y=0.000000
Z=0.000000
Health=100.000000
jusic6=50
jusic7=50
jusic3=100
jusic=10
jusic2=100
exp=-40
quest=2
adminlevel=1
admin=3
jusic5=50
jusic4=50
