password_hash=105316890
money=3801457
WatchHealth=100.000000
gInJail=0
ip=1.227.88.112
X=0.000000
Y=0.000000
Z=0.000000
Health=0.000000
bohum=0
bill=0
exp=0
quest=0
jusic=0
jusic2=0
jusic3=0
jusic4=0
jusic5=0
jusic6=0
jusic7=0
jusic8=0
