password_hash=6422626
money=892046834
WatchHealth=100.000000
bohum=1
gInJail=0
ip=255.255.255.255
X=0.000000
Y=0.000000
Z=0.000000
color=17
myjob=2
Health=72.000000
jusic7=0
jusic8=50
exp=101
quest=4
