password_hash=134808157
money=42338565
WatchHealth=96.000000
bohum=1
jusic8=0
gInJail=0
ip=27.119.245.191
X=0.000000
Y=0.000000
Z=0.000000
Health=88.000000
bill=0
exp=101
quest=5
jusic=0
jusic2=0
jusic3=0
jusic4=0
jusic5=0
jusic6=0
jusic7=0
color=9
