password_hash=105644582
money=121796543
color=20
WatchHealth=171.000000
myjob=2
gInJail=0
ip=112.161.106.40
X=0.000000
Y=0.000000
Z=0.000000
exp=40
quest=2
Health=122.000000
