password_hash=231408415
money=999900
gInJail=0
ip=112.72.250.2
X=0.000000
Y=0.000000
Z=0.000000
Health=100.000000
