password_hash=29163728
money=2000000
gInJail=0
ip=61.40.40.81
X=0.000000
Y=0.000000
Z=0.000000
Health=100.000000
