password_hash=84279661
money=10353
bill=900
bohum=1
jusic8=24
gInJail=0
ip=218.237.221.176
X=0.000000
Y=0.000000
Z=0.000000
