password_hash=161677857
money=3099500
exp=10
quest=1
gInJail=0
ip=58.225.177.56
X=0.000000
Y=0.000000
Z=0.000000
