password_hash=146801243
money=2002389
gInJail=0
ip=119.194.84.155
X=0.000000
Y=0.000000
Z=0.000000
Health=100.000000
