password_hash=162333208
money=1000000
gInJail=0
ip=175.199.115.95
X=0.000000
Y=0.000000
Z=0.000000
Health=100.000000
