password_hash=20906144
money=3002566
WatchHealth=67.000000
gInJail=0
ip=118.36.243.233
X=0.000000
Y=0.000000
Z=0.000000
Health=100.000000
bohum=0
bill=0
exp=-160
quest=0
jusic=0
jusic2=0
jusic3=0
jusic4=0
jusic5=0
jusic6=0
jusic7=0
jusic8=0
