password_hash=19726487
money=1665000
WatchHealth=100.000000
exp=10
quest=1
gInJail=0
ip=118.47.86.140
X=0.000000
Y=0.000000
Z=0.000000
Health=100.000000
