password_hash=152633825
money=920000
WatchHealth=100.000000
gInJail=0
ip=119.17.96.95
X=0.000000
Y=0.000000
Z=0.000000
Health=100.000000
