password_hash=19726487
money=112217587
exp=101
quest=4
gInJail=0
ip=211.106.205.150
X=0.000000
Y=0.000000
Z=0.000000
Health=87.000000
