password_hash=20250778
money=1000000
gInJail=0
ip=183.101.25.81
X=0.000000
Y=0.000000
Z=0.000000
Health=97.000000
