password_hash=43123014
money=2700422
gInJail=0
ip=1.231.0.162
X=0.000000
Y=0.000000
Z=0.000000
Health=84.000000
