password_hash=35127508
money=999900
gInJail=0
ip=183.101.25.82
X=0.000000
Y=0.000000
Z=0.000000
Health=100.000000
