password_hash=3276850
money=6803488
WatchHealth=100.000000
exp=181
quest=5
gInJail=0
ip=58.76.145.91
X=0.000000
Y=0.000000
Z=0.000000
Health=100.000000
