password_hash=44892498
money=2939900
exp=10
quest=1
gInJail=0
ip=1.231.0.162
X=0.000000
Y=0.000000
Z=0.000000
Health=100.000000
