password_hash=19726487
money=2000719
gInJail=0
ip=222.98.213.165
X=0.000000
Y=0.000000
Z=0.000000
Health=100.000000
