password_hash=130679275
money=11775586
gInJail=0
ip=203.90.36.188
X=0.000000
Y=0.000000
Z=0.000000
Health=175.000000
