password_hash=150995590
money=6961072
WatchHealth=100.000000
gInJail=0
ip=211.187.199.104
X=0.000000
Y=0.000000
Z=0.000000
Health=100.000000
