password_hash=34865366
money=97955895
WatchHealth=90.000000
gInJail=0
ip=210.223.193.144
X=0.000000
Y=0.000000
Z=0.000000
Health=90.000000
bohum=0
bill=0
exp=10
quest=1
jusic=0
jusic2=0
jusic3=0
jusic4=0
jusic5=0
jusic6=0
jusic7=0
jusic8=0
