password_hash=49807616
money=129919337
WatchHealth=100.000000
jusic5=0
jusic8=0
gInJail=0
ip=119.149.164.181
X=0.000000
Y=0.000000
Z=0.000000
Health=100.000000
bohum=0
bill=0
exp=101
quest=5
jusic=0
jusic2=0
jusic3=0
jusic4=0
jusic6=50
jusic7=0
