password_hash=74514884
money=651234374
jusic8=0
jusic6=50
color=18
gInJail=0
ip=111.65.134.245
X=0.000000
Y=0.000000
Z=0.000000
Health=100.000000
bohum=0
bill=0
exp=0
quest=0
jusic=0
jusic2=0
jusic3=0
jusic4=0
jusic5=0
jusic7=50
myjob=2
WatchHealth=100.000000
