password_hash=19726487
money=2000000
gInJail=0
ip=211.55.209.16
X=0.000000
Y=0.000000
Z=0.000000
Health=100.000000
