password_hash=36962526
money=33100061
exp=10
quest=1
gInJail=0
ip=119.69.233.240
X=0.000000
Y=0.000000
Z=0.000000
Health=100.000000
