password_hash=104989080
money=2998514
gInJail=0
ip=119.195.153.58
X=0.000000
Y=0.000000
Z=0.000000
Health=100.000000
