password_hash=105579025
money=23768089
WatchHealth=198.000000
exp=181
quest=5
gInJail=0
ip=220.116.255.171
X=0.000000
Y=0.000000
Z=0.000000
Health=100.000000
jusic4=0
jusic5=10
