password_hash=35520877
money=2573036
exp=101
quest=5
gInJail=0
ip=180.227.43.60
X=0.000000
Y=0.000000
Z=0.000000
Health=100.000000
bohum=0
bill=0
jusic=0
jusic2=0
jusic3=0
jusic4=0
jusic5=0
jusic6=0
jusic7=0
jusic8=0
