password_hash=125436666
money=2994700
gInJail=0
ip=112.147.100.211
X=0.000000
Y=0.000000
Z=0.000000
Health=100.000000
