password_hash=107086236
money=9885206
gInJail=0
ip=1.254.62.2
X=0.000000
Y=0.000000
Z=0.000000
Health=24.000000
