password_hash=160956946
money=800000
WatchHealth=100.000000
gInJail=0
ip=183.106.40.186
X=0.000000
Y=0.000000
Z=0.000000
Health=100.000000
