password_hash=34603214
money=988994999
WatchHealth=95.000000
exp=-60
gInJail=0
ip=121.176.220.250
X=0.000000
Y=0.000000
Z=0.000000
Health=82.000000
bohum=0
bill=0
quest=4
jusic=0
jusic2=0
jusic3=0
jusic4=0
jusic5=0
jusic6=0
jusic7=0
jusic8=0
