password_hash=43516237
money=2000175
gInJail=0
ip=14.54.35.82
X=0.000000
Y=0.000000
Z=0.000000
Health=98.000000
