password_hash=33030347
money=1941151
gInJail=0
ip=121.154.250.53
X=0.000000
Y=0.000000
Z=0.000000
Health=100.000000
WatchHealth=100.000000
exp=40
quest=2
bohum=0
bill=0
jusic=0
jusic2=0
jusic3=0
jusic4=0
jusic5=0
jusic6=0
jusic7=0
jusic8=0
