password_hash=139788890
money=3514781
gInJail=0
ip=112.159.156.64
X=0.000000
Y=0.000000
Z=0.000000
exp=10
quest=1
