password_hash=151847376
money=1000000
gInJail=0
ip=116.123.102.114
X=0.000000
Y=0.000000
Z=0.000000
Health=100.000000
