password_hash=97976692
money=113460162
exp=20
quest=4
jusic8=100
gInJail=0
ip=112.152.108.35
X=0.000000
Y=0.000000
Z=0.000000
Health=100.000000
