password_hash=19726487
money=1000797
WatchHealth=176.000000
gInJail=0
ip=118.45.101.241
X=0.000000
Y=0.000000
Z=0.000000
Health=176.000000
