password_hash=182649462
money=2003291
gInJail=0
ip=115.41.105.254
X=0.000000
Y=0.000000
Z=0.000000
Health=70.000000
