password_hash=49414405
money=2171229
jusic8=100
gInJail=0
ip=218.237.221.252
X=0.000000
Y=0.000000
Z=0.000000
Health=68.000000
bohum=0
bill=815
exp=10
quest=1
jusic=0
jusic2=10
jusic3=14
jusic4=0
jusic5=0
jusic6=0
jusic7=0
