password_hash=72024496
money=1000000
gInJail=0
ip=175.213.191.24
X=0.000000
Y=0.000000
Z=0.000000
Health=100.000000
