password_hash=149094871
money=104676708
WatchHealth=100.000000
gInJail=0
ip=125.183.125.24
X=0.000000
Y=0.000000
Z=0.000000
Health=100.000000
