password_hash=82051490
money=1984247
gInJail=0
ip=61.253.109.147
X=0.000000
Y=0.000000
Z=0.000000
Health=100.000000
