password_hash=44761432
money=1984937
exp=101
quest=4
gInJail=0
ip=121.137.200.131
X=0.000000
Y=0.000000
Z=0.000000
WatchHealth=71.000000
