password_hash=200540932
money=13884111
exp=-150
color=11
quest=1
gInJail=0
ip=219.254.185.178
X=0.000000
Y=0.000000
Z=0.000000
Health=45.000000
