password_hash=19726487
money=1265806
WatchHealth=95.000000
exp=40
quest=2
gInJail=0
ip=211.53.111.36
X=0.000000
Y=0.000000
Z=0.000000
Health=95.000000
