password_hash=33030347
money=3940105
gInJail=0
ip=112.150.64.98
X=0.000000
Y=0.000000
Z=0.000000
