password_hash=118292924
money=962064
WatchHealth=98.000000
gInJail=0
ip=58.122.1.177
X=0.000000
Y=0.000000
Z=0.000000
