password_hash=172687922
money=1999647
gInJail=0
ip=180.182.197.169
X=0.000000
Y=0.000000
Z=0.000000
