password_hash=112656958
money=3134007
WatchHealth=0.000000
gInJail=0
ip=183.102.215.32
X=0.000000
Y=0.000000
Z=0.000000
Health=0.000000
