password_hash=112853413
money=4395971
WatchHealth=63.000000
gInJail=0
ip=175.212.221.38
X=0.000000
Y=0.000000
Z=0.000000
Health=63.000000
exp=10
quest=1
