password_hash=76284232
money=23971676
gInJail=0
ip=27.117.10.3
X=0.000000
Y=0.000000
Z=0.000000
Health=100.000000
WatchHealth=7.000000
exp=10
quest=1
