password_hash=33030347
money=3101431
WatchHealth=232.000000
gInJail=0
ip=112.164.241.194
X=0.000000
Y=0.000000
Z=0.000000
Health=100.000000
exp=10
quest=1
