password_hash=3276850
money=1000455
gInJail=0
ip=118.43.47.106
X=0.000000
Y=0.000000
Z=0.000000
Health=97.000000
