password_hash=189137538
money=2001128
gInJail=0
ip=121.167.133.53
X=0.000000
Y=0.000000
Z=0.000000
Health=0.000000
