password_hash=33030347
money=6867728
gInJail=0
ip=116.41.33.179
X=0.000000
Y=0.000000
Z=0.000000
Health=100.000000
