password_hash=204538634
money=1000000
WatchHealth=0.000000
gInJail=0
ip=112.167.214.195
X=0.000000
Y=0.000000
Z=0.000000
Health=0.000000
