password_hash=19726487
money=1000000
WatchHealth=100.000000
gInJail=0
ip=121.180.220.158
X=0.000000
Y=0.000000
Z=0.000000
Health=100.000000
