password_hash=150405586
money=2000000
gInJail=0
ip=218.235.11.46
X=0.000000
Y=0.000000
Z=0.000000
Health=90.000000
