password_hash=32374981
money=2001656
gInJail=0
ip=61.79.140.250
X=0.000000
Y=0.000000
Z=0.000000
Health=100.000000
