password_hash=253297408
money=2000000
gInJail=0
ip=211.180.197.168
X=0.000000
Y=0.000000
Z=0.000000
Health=100.000000
