password_hash=307102551
money=10892554
WatchHealth=100.000000
gInJail=0
ip=14.51.171.145
X=0.000000
Y=0.000000
Z=0.000000
Health=100.000000
