password_hash=108462492
money=7108538
WatchHealth=95.000000
gInJail=0
ip=175.194.44.14
X=0.000000
Y=0.000000
Z=0.000000
Health=95.000000
