password_hash=251134723
money=1000000
gInJail=0
ip=112.162.114.217
X=0.000000
Y=0.000000
Z=0.000000
Health=100.000000
