password_hash=33358026
money=1002966
gInJail=0
ip=112.155.203.67
X=0.000000
Y=0.000000
Z=0.000000
Health=100.000000
