password_hash=285934312
money=2000000
WatchHealth=100.000000
gInJail=0
ip=219.241.166.17
X=0.000000
Y=0.000000
Z=0.000000
Health=100.000000
