password_hash=148177535
money=3999362
gInJail=0
ip=122.35.18.186
X=0.000000
Y=0.000000
Z=0.000000
