password_hash=73597247
money=2091838
exp=10
quest=1
gInJail=0
ip=175.207.139.110
X=0.000000
Y=0.000000
Z=0.000000
