password_hash=68223349
money=999500
WatchHealth=100.000000
gInJail=0
ip=121.185.125.251
X=0.000000
Y=0.000000
Z=0.000000
Health=100.000000
