password_hash=35389659
money=945000
WatchHealth=100.000000
gInJail=0
ip=120.136.94.133
X=0.000000
Y=0.000000
Z=0.000000
Health=100.000000
