password_hash=33489102
money=1000000
gInJail=0
ip=58.122.135.14
X=0.000000
Y=0.000000
Z=0.000000
Health=100.000000
