password_hash=192676398
money=2099600
exp=10
quest=1
gInJail=0
ip=58.143.136.222
X=0.000000
Y=0.000000
Z=0.000000
Health=100.000000
