password_hash=32374981
money=2985000
gInJail=0
ip=175.205.106.219
X=0.000000
Y=0.000000
Z=0.000000
Health=65.000000
