password_hash=155976200
money=1000000
gInJail=0
ip=121.164.180.27
X=0.000000
Y=0.000000
Z=0.000000
Health=100.000000
