password_hash=297075469
money=3994892
gInJail=0
ip=220.84.199.221
X=0.000000
Y=0.000000
Z=0.000000
exp=10
quest=1
