password_hash=45416790
money=860000
WatchHealth=100.000000
gInJail=0
ip=210.223.149.243
X=0.000000
Y=0.000000
Z=0.000000
Health=100.000000
