password_hash=19726487
money=1941918
gInJail=0
ip=183.99.152.2
X=0.000000
Y=0.000000
Z=0.000000
Health=176.000000
