password_hash=20906144
money=1995000
WatchHealth=0.000000
gInJail=0
ip=1.232.59.43
X=0.000000
Y=0.000000
Z=0.000000
Health=0.000000
