password_hash=8061051
money=13053761
WatchHealth=100.000000
exp=10
quest=1
gInJail=0
ip=219.249.191.229
X=0.000000
Y=0.000000
Z=0.000000
Health=100.000000
bohum=0
bill=0
jusic=0
jusic2=0
jusic3=0
jusic4=0
jusic5=0
jusic6=0
jusic7=0
jusic8=0
