password_hash=98959747
money=8805859
WatchHealth=100.000000
exp=40
quest=2
gInJail=0
ip=121.176.63.83
X=0.000000
Y=0.000000
Z=0.000000
Health=100.000000
