password_hash=198312646
money=999000
gInJail=0
ip=58.102.50.30
X=0.000000
Y=0.000000
Z=0.000000
