password_hash=44302672
money=102571545
exp=-80
gInJail=0
ip=211.194.122.252
X=0.000000
Y=0.000000
Z=0.000000
Health=73.000000
bohum=0
bill=0
quest=0
jusic=0
jusic2=0
jusic3=0
jusic4=0
jusic5=0
jusic6=0
jusic7=0
jusic8=0
WatchHealth=64.000000
