password_hash=46399830
money=101099874
WatchHealth=100.000000
gInJail=0
ip=115.22.167.229
X=0.000000
Y=0.000000
Z=0.000000
Health=100.000000
exp=10
quest=1
