password_hash=194577019
money=550000
WatchHealth=100.000000
gInJail=0
ip=203.123.203.148
X=0.000000
Y=0.000000
Z=0.000000
Health=100.000000
